5	0.042	0.041	0	0	0.043	0.043	24	24	23							              
10	0.029	0.029	0.029	0.029	0.032	0.032	34	34	31								      
15	0	0	0.067	0.037	0.022	0.022	45	45	45			                   
20	0	0	0.039	0.027	0.019	0.019	51	51	53
25	0	0	0.021	0.021	0	0	49	48	48							
30	0	0	0.019	0.018	0.058	0.032	54	54	52			
35	0.09	0.027	0.446	0.047	0.694	0.044	111	112	111				
40	0.724	0.026	0.889	0.018	0.95	0.013	304	298	299		
45	0.976	0.006	0.995	0.003	0.97	0.007	634	629	626								
50	0.993	0.003	0.993	0.003	0.935	0.008	902	892	876								
55	0.97	0.005	0.977	0.005	0.938	0.008	1019	1011	989								
60	0.968	0.006	0.974	0.005	0.968	0.005	1007	1009	1015								
65	0.986	0.004	0.991	0.003	0.968	0.006	921	920	926								
70	0.98	0.005	0.991	0.003	0.967	0.006	882	872	873								
75	0.983	0.005	0.98	0.005	0.972	0.006	815	812	820								
80	0.987	0.004	0.985	0.005	0.95	0.008	673	682	678								
85	0.967	0.008	0.982	0.006	0.948	0.01	491	497	502								
90	0.965	0.01	0.974	0.009	0.989	0.006	346	347	352								
95	1	0	0.989	0.006	0.976	0.009	281	283	286								
